epoch     train_loss  valid_loss  Accuracy  time
0         4.667961    4.584291    27.125000 28:21
1         4.409588    4.267054    31.019999 28:20
2         4.341897    4.198656    31.779999 28:16
3         4.269039    4.174283    31.849998 28:13
4         4.398806    4.342609    30.480000 28:12
5         4.184016    4.099127    32.820000 28:11
6         4.249035    4.125066    32.555000 28:10
7         4.300391    21.895470   13.525000 28:10
8         4.445463    4.315929    30.804998 28:09
9         4.350369    4.275797    31.525000 28:11
10        4.348377    4.252015    31.629999 28:10
11        4.335162    4.412559    30.275000 28:10
12        4.410891    4.243108    31.884998 28:08
13        4.394188    4.176086    31.484999 28:09
14        4.344563    4.280994    31.340000 28:10
15        4.335020    4.245466    31.509998 28:09
16        4.346834    4.206104    31.804998 28:08
17        4.316201    4.220862    32.029999 28:10
18        4.314199    4.228415    31.934999 28:09
19        4.384460    4.222647    31.889999 28:10
20        4.273316    4.246771    32.125000 28:08
21        4.184022    4.799546    28.529999 28:10
22        4.233869    4.206885    31.375000 28:10
23        4.220797    4.123553    32.384998 28:12
